version = 'MMult_1x4_5';
MY_MMult = [
40 1.024000e+00 0.000000e+00 
48 1.568681e+00 0.000000e+00 
56 1.097600e+00 0.000000e+00 
64 1.065626e+00 0.000000e+00 
72 1.067948e+00 0.000000e+00 
80 3.917368e-01 0.000000e+00 
88 1.062310e+00 0.000000e+00 
96 1.417846e+00 0.000000e+00 
104 1.157863e+00 0.000000e+00 
112 1.197722e+00 0.000000e+00 
120 1.013490e+00 0.000000e+00 
128 1.091414e+00 0.000000e+00 
136 1.489758e+00 0.000000e+00 
144 1.286230e+00 0.000000e+00 
152 1.451760e+00 0.000000e+00 
160 1.192604e+00 0.000000e+00 
168 1.549553e+00 0.000000e+00 
176 1.542010e+00 0.000000e+00 
184 1.626715e+00 0.000000e+00 
192 1.477947e+00 0.000000e+00 
200 1.580247e+00 0.000000e+00 
208 1.544612e+00 0.000000e+00 
216 1.453479e+00 0.000000e+00 
224 1.627487e+00 0.000000e+00 
232 1.449132e+00 0.000000e+00 
240 1.496023e+00 0.000000e+00 
248 1.645592e+00 0.000000e+00 
256 1.610484e+00 0.000000e+00 
264 1.491790e+00 0.000000e+00 
272 1.692058e+00 0.000000e+00 
280 1.610270e+00 0.000000e+00 
288 1.594811e+00 0.000000e+00 
296 1.561134e+00 0.000000e+00 
304 1.448131e+00 0.000000e+00 
312 1.594003e+00 0.000000e+00 
320 1.462629e+00 0.000000e+00 
328 1.506695e+00 0.000000e+00 
336 1.433383e+00 0.000000e+00 
344 1.251213e+00 0.000000e+00 
352 1.402860e+00 0.000000e+00 
360 1.526427e+00 0.000000e+00 
368 1.489956e+00 0.000000e+00 
376 1.542090e+00 0.000000e+00 
384 1.146867e+00 0.000000e+00 
392 1.379194e+00 0.000000e+00 
400 1.504166e+00 0.000000e+00 
408 1.447714e+00 0.000000e+00 
416 1.510946e+00 0.000000e+00 
424 1.519214e+00 0.000000e+00 
432 1.489324e+00 0.000000e+00 
440 1.517471e+00 0.000000e+00 
448 1.385381e+00 0.000000e+00 
456 1.487121e+00 0.000000e+00 
464 1.495962e+00 0.000000e+00 
472 1.481325e+00 0.000000e+00 
480 1.443929e+00 0.000000e+00 
488 1.482930e+00 0.000000e+00 
496 1.371657e+00 0.000000e+00 
504 1.587295e+00 0.000000e+00 
512 1.530707e+00 0.000000e+00 
520 1.475409e+00 0.000000e+00 
528 1.523102e+00 0.000000e+00 
536 1.427406e+00 0.000000e+00 
544 1.508625e+00 0.000000e+00 
552 1.431040e+00 0.000000e+00 
560 1.468318e+00 0.000000e+00 
568 1.459913e+00 0.000000e+00 
576 1.393996e+00 0.000000e+00 
584 1.467291e+00 0.000000e+00 
592 1.476625e+00 0.000000e+00 
600 1.512902e+00 0.000000e+00 
608 1.465032e+00 0.000000e+00 
616 1.449518e+00 0.000000e+00 
624 1.459629e+00 0.000000e+00 
632 1.453157e+00 0.000000e+00 
640 1.382722e+00 0.000000e+00 
648 1.464734e+00 0.000000e+00 
656 1.433743e+00 0.000000e+00 
664 1.443967e+00 0.000000e+00 
672 1.438626e+00 0.000000e+00 
680 1.525928e+00 0.000000e+00 
688 1.491308e+00 0.000000e+00 
696 1.482274e+00 0.000000e+00 
704 1.455235e+00 0.000000e+00 
712 1.431199e+00 0.000000e+00 
720 1.451804e+00 0.000000e+00 
728 1.464661e+00 0.000000e+00 
736 1.429223e+00 0.000000e+00 
744 1.409503e+00 0.000000e+00 
752 1.344006e+00 0.000000e+00 
760 1.460410e+00 0.000000e+00 
768 1.396123e+00 0.000000e+00 
776 1.389534e+00 0.000000e+00 
784 1.380899e+00 0.000000e+00 
792 1.374656e+00 0.000000e+00 
800 1.306391e+00 0.000000e+00 
];
