version = 'MMult_4x4_5';
MY_MMult = [
40 1.753425e+00 0.000000e+00 
48 2.010764e+00 0.000000e+00 
56 1.940508e+00 0.000000e+00 
64 1.892736e+00 0.000000e+00 
72 1.861586e+00 0.000000e+00 
80 1.175660e+00 0.000000e+00 
88 1.177998e+00 0.000000e+00 
96 1.767704e+00 0.000000e+00 
104 1.685190e+00 0.000000e+00 
112 1.824582e+00 0.000000e+00 
120 1.627885e+00 0.000000e+00 
128 1.161214e+00 0.000000e+00 
136 1.464603e+00 0.000000e+00 
144 1.165489e+00 0.000000e+00 
152 1.211386e+00 0.000000e+00 
160 1.800440e+00 0.000000e+00 
168 1.816021e+00 0.000000e+00 
176 1.373762e+00 0.000000e+00 
184 1.885728e+00 0.000000e+00 
192 1.733714e+00 0.000000e+00 
200 1.607233e+00 0.000000e+00 
208 1.307032e+00 0.000000e+00 
216 6.009360e-01 0.000000e+00 
224 1.133463e+00 0.000000e+00 
232 1.626781e+00 0.000000e+00 
240 1.584503e+00 0.000000e+00 
248 1.500171e+00 0.000000e+00 
256 9.582874e-01 0.000000e+00 
264 1.177659e+00 0.000000e+00 
272 1.109811e+00 0.000000e+00 
280 1.196066e+00 0.000000e+00 
288 1.449375e+00 0.000000e+00 
296 1.584163e+00 0.000000e+00 
304 1.235682e+00 0.000000e+00 
312 1.574990e+00 0.000000e+00 
320 1.648124e+00 0.000000e+00 
328 1.711492e+00 0.000000e+00 
336 1.541681e+00 0.000000e+00 
344 1.396295e+00 0.000000e+00 
352 1.731135e+00 0.000000e+00 
360 1.855220e+00 0.000000e+00 
368 1.639074e+00 0.000000e+00 
376 1.589468e+00 0.000000e+00 
384 1.470119e+00 0.000000e+00 
392 1.867792e+00 0.000000e+00 
400 1.633299e+00 0.000000e+00 
408 1.547232e+00 0.000000e+00 
416 1.872043e+00 0.000000e+00 
424 1.678984e+00 0.000000e+00 
432 1.735551e+00 0.000000e+00 
440 1.771437e+00 0.000000e+00 
448 1.460460e+00 0.000000e+00 
456 1.662351e+00 0.000000e+00 
464 1.841154e+00 0.000000e+00 
472 1.815364e+00 0.000000e+00 
480 1.580620e+00 0.000000e+00 
488 1.634185e+00 0.000000e+00 
496 1.758574e+00 0.000000e+00 
504 1.679885e+00 0.000000e+00 
512 1.775919e+00 0.000000e+00 
520 1.668185e+00 0.000000e+00 
528 1.617907e+00 0.000000e+00 
536 1.758687e+00 0.000000e+00 
544 1.675662e+00 0.000000e+00 
552 1.614217e+00 0.000000e+00 
560 1.716777e+00 0.000000e+00 
568 1.620402e+00 0.000000e+00 
576 1.608009e+00 0.000000e+00 
584 1.579884e+00 0.000000e+00 
592 1.739195e+00 0.000000e+00 
600 1.605554e+00 0.000000e+00 
608 1.414465e+00 0.000000e+00 
616 1.613063e+00 0.000000e+00 
624 1.850739e+00 0.000000e+00 
632 1.580892e+00 0.000000e+00 
640 1.624435e+00 0.000000e+00 
648 1.496157e+00 0.000000e+00 
656 1.708830e+00 0.000000e+00 
664 1.606333e+00 0.000000e+00 
672 1.389387e+00 0.000000e+00 
680 1.470717e+00 0.000000e+00 
688 1.702627e+00 0.000000e+00 
696 1.682034e+00 0.000000e+00 
704 1.645396e+00 0.000000e+00 
712 1.614312e+00 0.000000e+00 
720 1.653208e+00 0.000000e+00 
728 1.619848e+00 0.000000e+00 
736 1.601984e+00 0.000000e+00 
744 1.629516e+00 0.000000e+00 
752 1.621134e+00 0.000000e+00 
760 1.655742e+00 0.000000e+00 
768 1.575049e+00 0.000000e+00 
776 1.575906e+00 0.000000e+00 
784 1.646382e+00 0.000000e+00 
792 1.517785e+00 0.000000e+00 
800 1.498075e+00 0.000000e+00 
];
