version = 'MMult_4x4_10';
MY_MMult = [
40 3.200000e+00 3.108624e-15 
48 3.510857e+00 3.552714e-15 
56 3.547798e+00 3.552714e-15 
64 3.518711e+00 5.329071e-15 
72 3.554743e+00 5.329071e-15 
80 3.506849e+00 5.329071e-15 
88 3.494728e+00 7.105427e-15 
96 3.648396e+00 7.105427e-15 
104 3.559696e+00 8.881784e-15 
112 4.418013e+00 8.881784e-15 
120 4.813370e+00 8.881784e-15 
128 4.782559e+00 8.881784e-15 
136 4.768637e+00 1.065814e-14 
144 3.770182e+00 8.881784e-15 
152 4.787741e+00 1.154632e-14 
160 4.667806e+00 1.065814e-14 
168 4.676166e+00 1.154632e-14 
176 4.535587e+00 1.332268e-14 
184 3.366390e+00 1.421085e-14 
192 3.471255e+00 1.776357e-14 
200 4.704499e+00 1.598721e-14 
208 4.600671e+00 1.421085e-14 
216 4.613274e+00 1.776357e-14 
224 3.428744e+00 1.598721e-14 
232 4.625734e+00 1.509903e-14 
240 4.794174e+00 1.776357e-14 
248 4.745059e+00 1.554312e-14 
256 3.944796e+00 2.131628e-14 
264 3.728418e+00 1.776357e-14 
272 4.658791e+00 1.776357e-14 
280 3.982583e+00 1.865175e-14 
288 4.338517e+00 2.486900e-14 
296 4.522905e+00 2.131628e-14 
304 4.120933e+00 2.131628e-14 
312 3.502431e+00 2.486900e-14 
320 4.577176e+00 2.486900e-14 
328 4.448758e+00 2.842171e-14 
336 4.039514e+00 2.309264e-14 
344 3.900875e+00 2.486900e-14 
352 4.242627e+00 2.842171e-14 
360 4.772016e+00 2.842171e-14 
368 4.719545e+00 3.375078e-14 
376 4.369339e+00 2.664535e-14 
384 3.790541e+00 3.197442e-14 
392 4.608921e+00 3.730349e-14 
400 4.496908e+00 3.197442e-14 
408 4.541445e+00 3.197442e-14 
416 4.316154e+00 3.375078e-14 
424 3.737528e+00 3.907985e-14 
432 4.564303e+00 3.552714e-14 
440 4.632083e+00 3.552714e-14 
448 3.929869e+00 3.197442e-14 
456 4.602073e+00 4.263256e-14 
464 4.150371e+00 3.907985e-14 
472 4.622664e+00 3.552714e-14 
480 4.741046e+00 3.907985e-14 
488 4.713236e+00 3.907985e-14 
496 4.782627e+00 3.197442e-14 
504 4.774523e+00 4.618528e-14 
512 4.477357e+00 4.973799e-14 
520 4.207616e+00 4.618528e-14 
528 4.392264e+00 4.440892e-14 
536 4.273482e+00 3.552714e-14 
544 4.083999e+00 3.552714e-14 
552 4.583264e+00 3.552714e-14 
560 4.636359e+00 4.085621e-14 
568 4.814588e+00 3.907985e-14 
576 4.354829e+00 4.263256e-14 
584 4.478095e+00 4.263256e-14 
592 4.691238e+00 4.618528e-14 
600 4.482211e+00 4.263256e-14 
608 4.338788e+00 4.263256e-14 
616 4.154652e+00 4.973799e-14 
624 4.317674e+00 4.440892e-14 
632 4.536421e+00 4.618528e-14 
640 4.218841e+00 5.684342e-14 
648 4.321139e+00 4.263256e-14 
656 4.255967e+00 4.263256e-14 
664 4.130290e+00 5.684342e-14 
672 4.215721e+00 4.263256e-14 
680 4.192175e+00 4.973799e-14 
688 4.249559e+00 5.151435e-14 
696 4.252962e+00 4.618528e-14 
704 4.216607e+00 4.618528e-14 
712 3.667740e+00 4.973799e-14 
720 3.903819e+00 4.796163e-14 
728 3.384177e+00 5.329071e-14 
736 3.571803e+00 4.796163e-14 
744 4.276429e+00 5.684342e-14 
752 3.614796e+00 4.973799e-14 
760 3.892960e+00 8.526513e-14 
768 3.793414e+00 5.151435e-14 
776 2.086762e+00 7.815970e-14 
784 3.324620e+00 4.973799e-14 
792 3.273458e+00 4.973799e-14 
800 3.179492e+00 5.684342e-14 
];
