version = 'MMult_1x4_9';
MY_MMult = [
40 2.509804e+00 3.108624e-15 
48 3.813517e+00 3.552714e-15 
56 3.658667e+00 3.552714e-15 
64 3.640889e+00 5.329071e-15 
72 2.455579e+00 5.329071e-15 
80 3.084337e+00 5.329071e-15 
88 3.615236e+00 7.105427e-15 
96 2.184533e+00 7.105427e-15 
104 2.474948e+00 8.881784e-15 
112 2.217724e+00 8.881784e-15 
120 2.357435e+00 8.881784e-15 
128 2.424453e+00 8.881784e-15 
136 2.473408e+00 1.065814e-14 
144 2.409023e+00 8.881784e-15 
152 2.357709e+00 1.154632e-14 
160 2.403051e+00 1.065814e-14 
168 2.829980e+00 1.154632e-14 
176 3.438522e+00 1.332268e-14 
184 3.070234e+00 1.421085e-14 
192 3.350480e+00 1.776357e-14 
200 2.492988e+00 1.598721e-14 
208 2.611408e+00 1.421085e-14 
216 2.579065e+00 1.776357e-14 
224 3.243701e+00 1.598721e-14 
232 2.501686e+00 1.509903e-14 
240 2.193763e+00 1.776357e-14 
248 1.963947e+00 1.554312e-14 
256 1.744356e+00 2.131628e-14 
264 2.287245e+00 1.776357e-14 
272 3.117287e+00 1.776357e-14 
280 3.436981e+00 1.865175e-14 
288 3.119132e+00 2.486900e-14 
296 3.347014e+00 2.131628e-14 
304 3.282447e+00 2.131628e-14 
312 3.505867e+00 2.486900e-14 
320 3.299401e+00 2.486900e-14 
328 3.538131e+00 2.842171e-14 
336 2.593625e+00 2.309264e-14 
344 2.907788e+00 2.486900e-14 
352 3.229127e+00 2.842171e-14 
360 3.015999e+00 2.842171e-14 
368 3.677665e+00 3.375078e-14 
376 3.276062e+00 2.664535e-14 
384 2.405655e+00 3.197442e-14 
392 2.898623e+00 3.730349e-14 
400 2.600358e+00 3.197442e-14 
408 2.876755e+00 3.197442e-14 
416 3.101736e+00 3.375078e-14 
424 2.800846e+00 3.907985e-14 
432 2.886300e+00 3.552714e-14 
440 2.720317e+00 3.552714e-14 
448 2.669221e+00 3.197442e-14 
456 2.618328e+00 4.263256e-14 
464 2.878430e+00 3.907985e-14 
472 2.521468e+00 3.552714e-14 
480 3.089939e+00 3.907985e-14 
488 3.186572e+00 3.907985e-14 
496 3.285203e+00 3.197442e-14 
504 3.449668e+00 4.618528e-14 
512 2.960185e+00 4.973799e-14 
520 3.458396e+00 4.618528e-14 
528 3.326432e+00 4.440892e-14 
536 2.853951e+00 3.552714e-14 
544 2.998914e+00 3.552714e-14 
552 3.117436e+00 3.552714e-14 
560 3.000906e+00 4.085621e-14 
568 2.922724e+00 3.907985e-14 
576 2.761005e+00 4.263256e-14 
584 2.965528e+00 4.263256e-14 
592 2.592073e+00 4.618528e-14 
600 2.848834e+00 4.263256e-14 
608 2.728727e+00 4.263256e-14 
616 2.483372e+00 4.973799e-14 
624 2.547329e+00 4.440892e-14 
632 2.287666e+00 4.618528e-14 
640 2.787713e+00 5.684342e-14 
648 3.044757e+00 4.263256e-14 
656 2.684013e+00 4.263256e-14 
664 3.008926e+00 5.684342e-14 
672 2.535081e+00 4.263256e-14 
680 2.828364e+00 4.973799e-14 
688 2.306518e+00 5.151435e-14 
696 2.288432e+00 4.618528e-14 
704 2.209440e+00 4.618528e-14 
712 2.079111e+00 4.973799e-14 
720 2.776761e+00 4.796163e-14 
728 2.526295e+00 5.329071e-14 
736 2.320208e+00 4.796163e-14 
744 2.788056e+00 5.684342e-14 
752 2.605163e+00 4.973799e-14 
760 2.681965e+00 8.526513e-14 
768 2.432969e+00 5.151435e-14 
776 2.273783e+00 7.815970e-14 
784 2.460645e+00 4.973799e-14 
792 2.193352e+00 4.973799e-14 
800 2.141861e+00 5.684342e-14 
];
