version = 'MMult2';
MY_MMult = [
40 1.024000e+00 0.000000e+00 
48 6.847802e-01 0.000000e+00 
56 8.463422e-01 0.000000e+00 
64 8.637364e-01 0.000000e+00 
72 8.239470e-01 0.000000e+00 
80 8.006255e-01 0.000000e+00 
88 6.565241e-01 0.000000e+00 
96 7.539293e-01 0.000000e+00 
104 7.313810e-01 0.000000e+00 
112 6.903823e-01 0.000000e+00 
120 6.976181e-01 0.000000e+00 
128 8.279321e-01 0.000000e+00 
136 6.642345e-01 0.000000e+00 
144 8.632507e-01 0.000000e+00 
152 7.385506e-01 0.000000e+00 
160 7.982849e-01 0.000000e+00 
168 7.784014e-01 0.000000e+00 
176 6.532594e-01 0.000000e+00 
184 6.714636e-01 0.000000e+00 
192 5.937327e-01 0.000000e+00 
200 8.276005e-01 0.000000e+00 
208 9.528708e-01 0.000000e+00 
216 9.703154e-01 0.000000e+00 
224 1.056585e+00 0.000000e+00 
232 1.061563e+00 0.000000e+00 
240 1.127293e+00 0.000000e+00 
248 1.136248e+00 0.000000e+00 
256 1.129741e+00 0.000000e+00 
264 1.166904e+00 0.000000e+00 
272 1.118851e+00 0.000000e+00 
280 1.136585e+00 0.000000e+00 
288 1.062132e+00 0.000000e+00 
296 1.119041e+00 0.000000e+00 
304 9.692760e-01 0.000000e+00 
312 8.168837e-01 0.000000e+00 
320 9.535144e-01 0.000000e+00 
328 9.040209e-01 0.000000e+00 
336 1.075032e+00 0.000000e+00 
344 6.873959e-01 0.000000e+00 
352 8.855407e-01 0.000000e+00 
360 9.009472e-01 0.000000e+00 
368 8.581027e-01 0.000000e+00 
376 9.063414e-01 0.000000e+00 
384 8.837211e-01 0.000000e+00 
392 1.040791e+00 0.000000e+00 
400 9.213671e-01 0.000000e+00 
408 1.035238e+00 0.000000e+00 
416 1.097897e+00 0.000000e+00 
424 1.172494e+00 0.000000e+00 
432 1.128830e+00 0.000000e+00 
440 1.182192e+00 0.000000e+00 
448 1.243385e+00 0.000000e+00 
456 1.213339e+00 0.000000e+00 
464 1.127128e+00 0.000000e+00 
472 1.167768e+00 0.000000e+00 
480 1.060275e+00 0.000000e+00 
488 1.113948e+00 0.000000e+00 
496 1.018776e+00 0.000000e+00 
504 1.063159e+00 0.000000e+00 
512 1.144353e+00 0.000000e+00 
520 1.152605e+00 0.000000e+00 
528 1.166862e+00 0.000000e+00 
536 1.124298e+00 0.000000e+00 
544 1.117441e+00 0.000000e+00 
552 9.867769e-01 0.000000e+00 
560 8.956093e-01 0.000000e+00 
568 9.577691e-01 0.000000e+00 
576 9.204481e-01 0.000000e+00 
584 9.644007e-01 0.000000e+00 
592 1.013221e+00 0.000000e+00 
600 1.035812e+00 0.000000e+00 
608 9.493017e-01 0.000000e+00 
616 9.906523e-01 0.000000e+00 
624 9.107886e-01 0.000000e+00 
632 1.068856e+00 0.000000e+00 
640 9.724073e-01 0.000000e+00 
648 1.032923e+00 0.000000e+00 
656 1.118305e+00 0.000000e+00 
664 1.059194e+00 0.000000e+00 
672 9.956918e-01 0.000000e+00 
680 9.221745e-01 0.000000e+00 
688 1.073107e+00 0.000000e+00 
696 1.098154e+00 0.000000e+00 
704 9.815324e-01 0.000000e+00 
712 1.080131e+00 0.000000e+00 
720 9.857583e-01 0.000000e+00 
728 1.026000e+00 0.000000e+00 
736 1.107447e+00 0.000000e+00 
744 1.114820e+00 0.000000e+00 
752 1.133324e+00 0.000000e+00 
760 1.101469e+00 0.000000e+00 
768 1.087971e+00 0.000000e+00 
776 1.092849e+00 0.000000e+00 
784 6.568861e-01 0.000000e+00 
792 9.480585e-01 0.000000e+00 
800 1.000245e+00 0.000000e+00 
];
