version = 'MMult_4x4_16';
MY_MMult = [
40 5.120000e+00 3.108624e-15 
48 5.394732e+00 3.552714e-15 
56 5.488000e+00 3.552714e-15 
64 8.594885e+00 5.329071e-15 
72 8.680186e+00 5.329071e-15 
80 8.752137e+00 5.329071e-15 
88 8.850286e+00 7.105427e-15 
96 8.891819e+00 7.105427e-15 
104 8.998912e+00 8.881784e-15 
112 9.093385e+00 8.881784e-15 
120 9.000000e+00 8.881784e-15 
128 7.854502e+00 8.881784e-15 
136 9.214125e+00 1.065814e-14 
144 9.216000e+00 8.881784e-15 
152 9.241600e+00 1.154632e-14 
160 9.142857e+00 1.065814e-14 
168 6.381739e+00 1.154632e-14 
176 9.700669e+00 1.332268e-14 
184 9.643195e+00 1.421085e-14 
192 9.715701e+00 1.776357e-14 
200 9.720535e+00 1.598721e-14 
208 8.861558e+00 1.421085e-14 
216 1.007266e+01 1.776357e-14 
224 1.006215e+01 1.598721e-14 
232 1.003792e+01 1.509903e-14 
240 6.444755e+00 1.776357e-14 
248 9.406717e+00 1.554312e-14 
256 9.103210e+00 2.131628e-14 
264 9.232185e+00 1.776357e-14 
272 9.496766e+00 1.953993e-14 
280 5.406897e+00 2.309264e-14 
288 8.591215e+00 2.486900e-14 
296 8.821203e+00 2.131628e-14 
304 8.933057e+00 2.486900e-14 
312 9.432089e+00 2.486900e-14 
320 9.553353e+00 2.486900e-14 
328 9.254538e+00 3.197442e-14 
336 9.403336e+00 3.552714e-14 
344 9.313105e+00 3.552714e-14 
352 9.077783e+00 4.263256e-14 
360 8.781479e+00 3.197442e-14 
368 8.623643e+00 3.552714e-14 
376 9.539233e+00 3.907985e-14 
384 8.502606e+00 3.907985e-14 
392 6.815987e+00 4.263256e-14 
400 7.695082e+00 3.907985e-14 
408 9.253670e+00 4.796163e-14 
416 9.584782e+00 4.263256e-14 
424 8.602790e+00 4.973799e-14 
432 9.830100e+00 4.618528e-14 
440 8.297682e+00 4.618528e-14 
448 1.008359e+01 5.684342e-14 
456 9.408962e+00 5.684342e-14 
464 9.425167e+00 6.394885e-14 
472 9.985665e+00 4.973799e-14 
480 9.908346e+00 5.329071e-14 
488 9.791412e+00 5.684342e-14 
496 9.874484e+00 5.684342e-14 
504 9.287201e+00 7.815970e-14 
512 9.492060e+00 5.684342e-14 
520 9.724601e+00 6.394885e-14 
528 9.757579e+00 6.039613e-14 
536 9.781843e+00 7.105427e-14 
544 9.819407e+00 6.394885e-14 
552 9.443942e+00 7.460699e-14 
560 8.365455e+00 8.526513e-14 
568 8.608156e+00 7.815970e-14 
576 9.357243e+00 6.394885e-14 
584 9.869761e+00 7.105427e-14 
592 9.477841e+00 7.105427e-14 
600 9.801697e+00 7.815970e-14 
608 9.175388e+00 7.105427e-14 
616 9.238929e+00 8.881784e-14 
624 9.869833e+00 7.815970e-14 
632 9.638823e+00 8.526513e-14 
640 9.325317e+00 8.881784e-14 
648 9.420853e+00 7.460699e-14 
656 9.790200e+00 6.394885e-14 
664 8.200533e+00 9.592327e-14 
672 9.478081e+00 8.526513e-14 
680 9.474411e+00 8.526513e-14 
688 9.882131e+00 7.815970e-14 
696 9.257628e+00 9.237056e-14 
704 8.795625e+00 1.065814e-13 
712 9.333475e+00 1.065814e-13 
720 9.924169e+00 8.881784e-14 
728 9.820514e+00 7.815970e-14 
736 9.653001e+00 9.947598e-14 
744 8.672678e+00 9.947598e-14 
752 9.556919e+00 8.526513e-14 
760 9.558957e+00 8.881784e-14 
768 8.645821e+00 9.947598e-14 
776 9.235956e+00 9.237056e-14 
784 8.703094e+00 9.947598e-14 
792 9.332690e+00 1.065814e-13 
800 9.905204e+00 1.207923e-13 
];
