version = 'MMult_4x4_15';
MY_MMult = [
40 7.529412e+00 3.108624e-15 
48 7.899429e+00 3.552714e-15 
56 8.168186e+00 3.552714e-15 
64 8.322032e+00 5.329071e-15 
72 5.698443e+00 5.329071e-15 
80 5.720670e+00 5.329071e-15 
88 5.925843e+00 7.105427e-15 
96 5.957818e+00 7.105427e-15 
104 8.857197e+00 8.881784e-15 
112 9.093385e+00 8.881784e-15 
120 9.216000e+00 8.881784e-15 
128 9.238555e+00 8.881784e-15 
136 5.789312e+00 1.243450e-14 
144 7.409390e+00 1.243450e-14 
152 8.492885e+00 1.243450e-14 
160 5.876614e+00 1.243450e-14 
168 8.407149e+00 1.243450e-14 
176 8.715869e+00 1.243450e-14 
184 6.010134e+00 1.776357e-14 
192 9.097542e+00 1.776357e-14 
200 9.158558e+00 1.776357e-14 
208 9.224923e+00 1.953993e-14 
216 9.115962e+00 2.486900e-14 
224 9.417196e+00 2.131628e-14 
232 9.620314e+00 2.220446e-14 
240 8.675243e+00 2.486900e-14 
248 9.623339e+00 2.842171e-14 
256 7.641638e+00 2.842171e-14 
264 6.748485e+00 3.552714e-14 
272 9.866952e+00 3.907985e-14 
280 8.586740e+00 3.197442e-14 
288 7.558257e+00 2.842171e-14 
296 9.740596e+00 2.842171e-14 
304 9.671072e+00 3.552714e-14 
312 8.539668e+00 3.907985e-14 
320 9.657530e+00 3.197442e-14 
328 6.862612e+00 3.552714e-14 
336 9.460795e+00 3.197442e-14 
344 9.305654e+00 3.907985e-14 
352 9.164574e+00 5.329071e-14 
360 9.545008e+00 3.907985e-14 
368 9.499815e+00 4.263256e-14 
376 9.939674e+00 4.973799e-14 
384 9.811662e+00 5.329071e-14 
392 9.552976e+00 6.039613e-14 
400 9.711684e+00 4.263256e-14 
408 9.742836e+00 4.973799e-14 
416 9.710838e+00 5.684342e-14 
424 9.332724e+00 4.973799e-14 
432 9.650655e+00 4.973799e-14 
440 9.923579e+00 5.684342e-14 
448 9.578714e+00 4.973799e-14 
456 9.302346e+00 6.750156e-14 
464 9.876159e+00 6.394885e-14 
472 9.852342e+00 5.684342e-14 
480 1.021729e+01 6.039613e-14 
488 9.817882e+00 6.394885e-14 
496 9.955043e+00 6.394885e-14 
504 9.811025e+00 5.684342e-14 
512 9.828121e+00 5.684342e-14 
520 9.674419e+00 7.105427e-14 
528 8.199301e+00 6.039613e-14 
536 9.224035e+00 7.815970e-14 
544 9.050183e+00 5.684342e-14 
552 9.614531e+00 7.105427e-14 
560 8.557242e+00 7.815970e-14 
568 9.881393e+00 7.460699e-14 
576 9.935944e+00 6.039613e-14 
584 8.224665e+00 7.460699e-14 
592 9.777548e+00 7.460699e-14 
600 8.180424e+00 7.105427e-14 
608 1.022453e+01 7.105427e-14 
616 8.548307e+00 8.881784e-14 
624 1.011030e+01 7.460699e-14 
632 9.429456e+00 8.171241e-14 
640 9.944388e+00 8.526513e-14 
648 9.718993e+00 8.171241e-14 
656 9.808228e+00 7.105427e-14 
664 1.015699e+01 8.881784e-14 
672 9.846827e+00 8.171241e-14 
680 9.449923e+00 8.171241e-14 
688 9.722375e+00 8.526513e-14 
696 9.875616e+00 8.526513e-14 
704 9.450149e+00 1.065814e-13 
712 9.543485e+00 1.207923e-13 
720 9.095956e+00 8.881784e-14 
728 9.484473e+00 8.171241e-14 
736 9.474981e+00 8.526513e-14 
744 9.476524e+00 8.171241e-14 
752 8.790702e+00 8.526513e-14 
760 9.059831e+00 9.592327e-14 
768 9.891578e+00 9.947598e-14 
776 9.672309e+00 9.237056e-14 
784 9.751706e+00 1.065814e-13 
792 9.159756e+00 9.947598e-14 
800 9.714448e+00 1.207923e-13 
];
