version = 'MMult_4x4_7';
MY_MMult = [
40 4.740741e+00 3.108624e-15 
48 4.808348e+00 3.552714e-15 
56 4.231711e+00 3.552714e-15 
64 4.443119e+00 5.329071e-15 
72 4.417136e+00 5.329071e-15 
80 4.413793e+00 5.329071e-15 
88 4.313114e+00 7.105427e-15 
96 4.233187e+00 7.105427e-15 
104 4.197254e+00 8.881784e-15 
112 2.899748e+00 8.881784e-15 
120 4.189091e+00 8.881784e-15 
128 4.124193e+00 8.881784e-15 
136 4.154345e+00 1.065814e-14 
144 4.079213e+00 8.881784e-15 
152 2.766292e+00 1.154632e-14 
160 3.183832e+00 1.065814e-14 
168 3.770682e+00 1.154632e-14 
176 3.451583e+00 1.332268e-14 
184 2.737040e+00 1.421085e-14 
192 3.843545e+00 1.776357e-14 
200 3.811339e+00 1.598721e-14 
208 2.801218e+00 1.421085e-14 
216 3.992748e+00 1.776357e-14 
224 3.893790e+00 1.598721e-14 
232 3.676481e+00 1.509903e-14 
240 3.197779e+00 1.776357e-14 
248 3.846423e+00 1.554312e-14 
256 1.756317e+00 2.131628e-14 
264 3.450168e+00 1.776357e-14 
272 2.734006e+00 1.776357e-14 
280 2.680506e+00 1.865175e-14 
288 3.314998e+00 2.486900e-14 
296 3.526322e+00 2.131628e-14 
304 3.502395e+00 2.131628e-14 
312 3.318183e+00 2.486900e-14 
320 2.654892e+00 2.486900e-14 
328 3.099069e+00 2.842171e-14 
336 2.666647e+00 2.309264e-14 
344 3.154526e+00 2.486900e-14 
352 3.195531e+00 2.842171e-14 
360 3.490909e+00 2.842171e-14 
368 3.859668e+00 3.375078e-14 
376 3.559964e+00 2.664535e-14 
384 2.267509e+00 3.197442e-14 
392 2.980814e+00 3.730349e-14 
400 3.755097e+00 3.197442e-14 
408 3.412330e+00 3.197442e-14 
416 3.362194e+00 3.375078e-14 
424 3.293298e+00 3.907985e-14 
432 3.923382e+00 3.552714e-14 
440 3.448954e+00 3.552714e-14 
448 2.715985e+00 3.197442e-14 
456 3.724227e+00 4.263256e-14 
464 3.736296e+00 3.907985e-14 
472 3.541017e+00 3.552714e-14 
480 3.811874e+00 3.907985e-14 
488 3.725473e+00 3.907985e-14 
496 3.073225e+00 3.197442e-14 
504 3.624896e+00 4.618528e-14 
512 3.835066e+00 4.973799e-14 
520 3.521098e+00 4.618528e-14 
528 2.954358e+00 4.440892e-14 
536 3.203400e+00 3.552714e-14 
544 2.547781e+00 3.552714e-14 
552 3.242563e+00 3.552714e-14 
560 3.317892e+00 4.085621e-14 
568 3.374343e+00 3.907985e-14 
576 3.174415e+00 4.263256e-14 
584 3.239778e+00 4.263256e-14 
592 3.097469e+00 4.618528e-14 
600 3.353881e+00 4.263256e-14 
608 3.237902e+00 4.263256e-14 
616 3.438462e+00 4.973799e-14 
624 3.452072e+00 4.440892e-14 
632 3.278964e+00 4.618528e-14 
640 1.829101e+00 5.684342e-14 
648 3.133486e+00 4.263256e-14 
656 3.586748e+00 4.263256e-14 
664 3.273840e+00 5.684342e-14 
672 3.034781e+00 4.263256e-14 
680 3.160534e+00 4.973799e-14 
688 3.110477e+00 5.151435e-14 
696 3.118933e+00 4.618528e-14 
704 3.010082e+00 4.618528e-14 
712 3.074887e+00 4.973799e-14 
720 2.777897e+00 4.796163e-14 
728 3.033456e+00 5.329071e-14 
736 2.802483e+00 4.796163e-14 
744 2.518242e+00 5.684342e-14 
752 1.649992e+00 4.973799e-14 
760 2.024848e+00 8.526513e-14 
768 2.152382e+00 5.151435e-14 
776 1.787330e+00 7.815970e-14 
784 2.423100e+00 4.973799e-14 
792 2.240698e+00 4.973799e-14 
800 2.551955e+00 5.684342e-14 
];
