version = 'MMult0';
MY_MMult = [
40 1.113043e+00 0.000000e+00 
48 1.089576e+00 0.000000e+00 
56 8.342803e-01 0.000000e+00 
64 8.388608e-01 0.000000e+00 
72 8.378182e-01 0.000000e+00 
80 8.540450e-01 0.000000e+00 
88 9.354454e-01 0.000000e+00 
96 9.907458e-01 0.000000e+00 
104 9.042315e-01 0.000000e+00 
112 8.726261e-01 0.000000e+00 
120 9.953917e-01 0.000000e+00 
128 8.664127e-01 0.000000e+00 
136 8.193668e-01 0.000000e+00 
144 8.408854e-01 0.000000e+00 
152 9.490091e-01 0.000000e+00 
160 9.400964e-01 0.000000e+00 
168 8.477039e-01 0.000000e+00 
176 9.304960e-01 0.000000e+00 
184 8.955584e-01 0.000000e+00 
192 8.923770e-01 0.000000e+00 
200 8.948045e-01 0.000000e+00 
208 9.216420e-01 0.000000e+00 
216 8.526330e-01 0.000000e+00 
224 7.763374e-01 0.000000e+00 
232 7.851343e-01 0.000000e+00 
240 6.862760e-01 0.000000e+00 
248 7.258318e-01 0.000000e+00 
256 6.551553e-01 0.000000e+00 
264 8.618753e-01 0.000000e+00 
272 9.057770e-01 0.000000e+00 
280 9.292049e-01 0.000000e+00 
288 9.133544e-01 0.000000e+00 
296 9.051650e-01 0.000000e+00 
304 9.405421e-01 0.000000e+00 
312 9.168703e-01 0.000000e+00 
320 9.158061e-01 0.000000e+00 
328 9.676704e-01 0.000000e+00 
336 9.556852e-01 0.000000e+00 
344 9.947604e-01 0.000000e+00 
352 9.698943e-01 0.000000e+00 
360 9.396316e-01 0.000000e+00 
368 9.036124e-01 0.000000e+00 
376 9.373050e-01 0.000000e+00 
384 8.480004e-01 0.000000e+00 
392 8.645137e-01 0.000000e+00 
400 8.866476e-01 0.000000e+00 
408 9.130266e-01 0.000000e+00 
416 8.581528e-01 0.000000e+00 
424 8.465638e-01 0.000000e+00 
432 8.890336e-01 0.000000e+00 
440 8.179208e-01 0.000000e+00 
448 7.814890e-01 0.000000e+00 
456 4.903859e-01 0.000000e+00 
464 8.226269e-01 0.000000e+00 
472 8.409935e-01 0.000000e+00 
480 8.390672e-01 0.000000e+00 
488 8.367692e-01 0.000000e+00 
496 8.392899e-01 0.000000e+00 
504 7.891759e-01 0.000000e+00 
512 7.946321e-01 0.000000e+00 
520 8.308864e-01 0.000000e+00 
528 8.191499e-01 0.000000e+00 
536 9.150777e-01 0.000000e+00 
544 9.259969e-01 0.000000e+00 
552 8.334879e-01 0.000000e+00 
560 8.325677e-01 0.000000e+00 
568 8.112303e-01 0.000000e+00 
576 8.229553e-01 0.000000e+00 
584 8.187643e-01 0.000000e+00 
592 8.462742e-01 0.000000e+00 
600 8.043764e-01 0.000000e+00 
608 7.886705e-01 0.000000e+00 
616 7.942375e-01 0.000000e+00 
624 7.812962e-01 0.000000e+00 
632 7.867198e-01 0.000000e+00 
640 7.331582e-01 0.000000e+00 
648 7.821622e-01 0.000000e+00 
656 7.997043e-01 0.000000e+00 
664 8.089410e-01 0.000000e+00 
672 7.759235e-01 0.000000e+00 
680 7.282775e-01 0.000000e+00 
688 7.467757e-01 0.000000e+00 
696 7.786833e-01 0.000000e+00 
704 7.359938e-01 0.000000e+00 
712 7.485850e-01 0.000000e+00 
720 7.289673e-01 0.000000e+00 
728 7.723781e-01 0.000000e+00 
736 7.257157e-01 0.000000e+00 
744 7.242280e-01 0.000000e+00 
752 7.580016e-01 0.000000e+00 
760 7.266906e-01 0.000000e+00 
768 7.758642e-01 0.000000e+00 
776 7.921186e-01 0.000000e+00 
784 8.309499e-01 0.000000e+00 
792 6.755119e-01 0.000000e+00 
800 7.152002e-01 0.000000e+00 
];
